1.080580139160156250e+01
9.925046920776367188e+00
1.248822498321533203e+01
1.313754940032958984e+01
1.328859424591064453e+01
1.136018466949462891e+01
1.089205455780029297e+01
1.134753322601318359e+01
1.310646343231201172e+01
1.453859329223632812e+01
1.251938247680664062e+01
1.286868095397949219e+01
1.154843997955322266e+01
1.230162048339843750e+01
1.283055686950683594e+01
1.368848896026611328e+01
1.589280891418457031e+01
1.945142745971679688e+01
1.519030189514160156e+01
1.469118022918701172e+01
1.562312889099121094e+01
1.669403648376464844e+01
2.010715293884277344e+01
1.666957664489746094e+01
1.912546539306640625e+01
1.859756088256835938e+01
1.958211898803710938e+01
1.786236763000488281e+01
1.406439018249511719e+01
1.524772548675537109e+01
1.511692428588867188e+01
1.462020587921142578e+01
1.295537185668945312e+01
1.293460369110107422e+01
1.335780143737792969e+01
1.336463356018066406e+01
1.424729347229003906e+01
1.400582695007324219e+01
1.217095851898193359e+01
1.098810482025146484e+01
1.050284004211425781e+01
9.785620689392089844e+00
1.003626537322998047e+01
1.011598014831542969e+01
9.861544609069824219e+00
9.003114700317382812e+00
9.847917556762695312e+00
9.818239212036132812e+00
1.162254810333251953e+01
1.087640285491943359e+01
1.056846714019775391e+01
1.121475601196289062e+01
1.307326126098632812e+01
1.228503322601318359e+01
1.228921604156494141e+01
1.122672557830810547e+01
1.159914302825927734e+01
1.120906257629394531e+01
1.059376525878906250e+01
1.146464157104492188e+01
1.178428268432617188e+01
1.415085506439208984e+01
1.283886718750000000e+01
1.273786544799804688e+01
1.387728118896484375e+01
1.577574062347412109e+01
1.486704635620117188e+01
1.777371978759765625e+01
1.439777278900146484e+01
1.517944049835205078e+01
2.096733665466308594e+01
2.751350402832031250e+01
3.184070968627929688e+01
3.131309509277343750e+01
1.857646751403808594e+01
2.566586303710937500e+01
2.777330780029296875e+01
2.234650039672851562e+01
2.923598480224609375e+01
1.982843399047851562e+01
1.914368438720703125e+01
1.921714782714843750e+01
1.926861763000488281e+01
1.591718578338623047e+01
1.818470954895019531e+01
2.042913818359375000e+01
1.838925170898437500e+01
2.015257453918457031e+01
1.908432769775390625e+01
1.759753608703613281e+01
1.787859344482421875e+01
1.629915046691894531e+01
1.587339591979980469e+01
1.488544273376464844e+01
1.777871704101562500e+01
1.509877872467041016e+01
1.628183555603027344e+01
1.689946174621582031e+01
1.475420665740966797e+01
1.336850738525390625e+01
1.252153205871582031e+01
1.241815471649169922e+01
1.215583801269531250e+01
1.064584159851074219e+01
9.258112907409667969e+00
8.927142143249511719e+00
9.112473487854003906e+00
9.238445281982421875e+00
8.494166374206542969e+00
6.719415187835693359e+00
5.898657798767089844e+00
5.803805351257324219e+00
6.035758495330810547e+00
6.156404495239257812e+00
6.776673316955566406e+00
7.204105377197265625e+00
7.736054897308349609e+00
7.342756271362304688e+00
8.335380554199218750e+00
8.302532196044921875e+00
8.216201782226562500e+00
8.224281311035156250e+00
7.479403018951416016e+00
7.882053375244140625e+00
8.334496498107910156e+00
8.654333114624023438e+00
8.060679435729980469e+00
7.378494262695312500e+00
7.466433048248291016e+00
7.113152980804443359e+00
7.281205177307128906e+00
6.664527893066406250e+00
6.854743003845214844e+00
6.973698616027832031e+00
6.484591484069824219e+00
6.140551567077636719e+00
5.842159748077392578e+00
5.653484344482421875e+00
6.368469238281250000e+00
6.301285743713378906e+00
6.543908119201660156e+00
6.523908615112304688e+00
6.592801094055175781e+00
6.645502090454101562e+00
7.030322551727294922e+00
6.465186119079589844e+00
6.929387092590332031e+00
7.136006832122802734e+00
6.922056674957275391e+00
6.965804100036621094e+00
6.632943630218505859e+00
5.809996604919433594e+00
5.860714912414550781e+00
5.627968788146972656e+00
5.581273078918457031e+00
5.050784587860107422e+00
4.611820697784423828e+00
4.455696582794189453e+00
4.140509128570556641e+00
3.640428543090820312e+00
3.934580326080322266e+00
3.937481164932250977e+00
3.958880901336669922e+00
3.843191385269165039e+00
4.417517662048339844e+00
4.647170066833496094e+00
4.813263416290283203e+00
4.807013034820556641e+00
5.333027839660644531e+00
5.712899208068847656e+00
5.955462455749511719e+00
6.049932003021240234e+00
5.923573017120361328e+00
7.045757770538330078e+00
8.268959999084472656e+00
8.174942970275878906e+00
8.800782203674316406e+00
1.007970428466796875e+01
9.740877151489257812e+00
9.394762992858886719e+00
1.111608314514160156e+01
9.922016143798828125e+00
1.138904953002929688e+01
1.171202945709228516e+01
1.200047206878662109e+01
1.414505958557128906e+01
1.365891170501708984e+01
1.333690643310546875e+01
1.422315216064453125e+01
1.661227798461914062e+01
1.585180282592773438e+01
1.546353435516357422e+01
1.577947425842285156e+01
1.415599346160888672e+01
1.533978080749511719e+01
1.634136581420898438e+01
1.740209388732910156e+01
1.428700351715087891e+01
1.412855434417724609e+01
1.245264339447021484e+01
1.208270263671875000e+01
1.276862144470214844e+01
1.163978004455566406e+01
9.625444412231445312e+00
1.026678943634033203e+01
9.323536872863769531e+00
8.775147438049316406e+00
8.864590644836425781e+00
9.046404838562011719e+00
8.202733993530273438e+00
9.058429718017578125e+00
1.006571102142333984e+01
9.673076629638671875e+00
1.016653728485107422e+01
1.037177371978759766e+01
7.450226306915283203e+00
8.367964744567871094e+00
9.661779403686523438e+00
1.249927234649658203e+01
1.179683017730712891e+01
1.096722030639648438e+01
9.874754905700683594e+00
9.406016349792480469e+00
8.986302375793457031e+00
9.413024902343750000e+00
9.844779014587402344e+00
1.017261123657226562e+01
9.674086570739746094e+00
9.408794403076171875e+00
8.758112907409667969e+00
8.447627067565917969e+00
8.268919944763183594e+00
9.084710121154785156e+00
9.941785812377929688e+00
9.115784645080566406e+00
8.919323921203613281e+00
9.920422554016113281e+00
1.076522254943847656e+01
1.181377887725830078e+01
1.560313987731933594e+01
1.680689430236816406e+01
2.136220359802246094e+01
1.868738365173339844e+01
1.522742462158203125e+01
1.306484508514404297e+01
1.316131305694580078e+01
1.232071685791015625e+01
1.200484275817871094e+01
1.350239944458007812e+01
1.462036037445068359e+01
1.594760131835937500e+01
1.839467430114746094e+01
2.244240760803222656e+01
3.049119949340820312e+01
3.303643035888671875e+01
4.152058029174804688e+01
4.902113723754882812e+01
2.830689620971679688e+01
4.243585586547851562e+01
2.300899314880371094e+01
2.994089126586914062e+01
1.667312240600585938e+01
1.950958824157714844e+01
2.365358924865722656e+01
1.915594673156738281e+01
1.973366165161132812e+01
1.343424034118652344e+01
1.396453857421875000e+01
1.492352294921875000e+01
1.722368621826171875e+01
2.050975418090820312e+01
2.002112388610839844e+01
2.109274291992187500e+01
2.163631820678710938e+01
2.121129798889160156e+01
2.836335372924804688e+01
2.302186965942382812e+01
2.126266479492187500e+01
2.585529708862304688e+01
8.975381851196289062e+00
1.047859764099121094e+01
1.048637676239013672e+01
1.207944583892822266e+01
1.255890178680419922e+01
1.017727565765380859e+01
9.857172012329101562e+00
8.410329818725585938e+00
7.210128307342529297e+00
6.523397922515869141e+00
6.033232688903808594e+00
5.626534938812255859e+00
4.972970008850097656e+00
6.753494262695312500e+00
6.500198364257812500e+00
5.340353965759277344e+00
3.805548429489135742e+00
3.517646789550781250e+00
3.738376617431640625e+00
4.228813648223876953e+00
4.220334053039550781e+00
3.254809141159057617e+00
2.911301136016845703e+00
3.312445402145385742e+00
3.337960004806518555e+00
3.412465810775756836e+00
3.601119041442871094e+00
2.880943298339843750e+00
3.807965040206909180e+00
3.802425384521484375e+00
3.964915990829467773e+00
5.319676876068115234e+00
4.236542701721191406e+00
3.917506456375122070e+00
7.313582420349121094e+00
1.166357231140136719e+01
1.545777130126953125e+01
1.179167366027832031e+01
1.811856269836425781e+01
1.335349655151367188e+01
1.351215457916259766e+01
1.410061454772949219e+01
1.377350997924804688e+01
1.642414665222167969e+01
1.873818778991699219e+01
1.787720108032226562e+01
1.442768669128417969e+01
1.378118991851806641e+01
1.728171730041503906e+01
2.388498115539550781e+01
3.064057350158691406e+01
3.175370407104492188e+01
3.051302719116210938e+01
3.641652679443359375e+01
3.111227035522460938e+01
3.567036437988281250e+01
2.901692771911621094e+01
2.500164985656738281e+01
2.393867111206054688e+01
2.253260993957519531e+01
2.185484123229980469e+01
1.844428443908691406e+01
1.901229095458984375e+01
1.786952209472656250e+01
1.827264022827148438e+01
1.853107261657714844e+01
2.044509315490722656e+01
2.152723312377929688e+01
2.055005073547363281e+01
2.073318290710449219e+01
2.165288925170898438e+01
2.201167488098144531e+01
2.131909370422363281e+01
2.039179229736328125e+01
1.980681228637695312e+01
1.553000926971435547e+01
1.388021755218505859e+01
1.455915927886962891e+01
1.590400028228759766e+01
1.573180580139160156e+01
1.345318794250488281e+01
1.265987300872802734e+01
1.187295150756835938e+01
1.122886753082275391e+01
1.135897350311279297e+01
1.079237365722656250e+01
1.079423713684082031e+01
1.120201396942138672e+01
1.001899337768554688e+01
1.050196170806884766e+01
9.531338691711425781e+00
9.317427635192871094e+00
9.219619750976562500e+00
9.155433654785156250e+00
8.686991691589355469e+00
8.338610649108886719e+00
8.686835289001464844e+00
8.696562767028808594e+00
9.617807388305664062e+00
9.496706008911132812e+00
9.152274131774902344e+00
8.123662948608398438e+00
8.534063339233398438e+00
8.775386810302734375e+00
9.393759727478027344e+00
7.630602359771728516e+00
7.744298458099365234e+00
8.298783302307128906e+00
8.150876045227050781e+00
8.789351463317871094e+00
1.019375896453857422e+01
1.643115615844726562e+01
2.501364707946777344e+01
2.065588951110839844e+01
1.241470432281494141e+01
1.360081005096435547e+01
1.322214126586914062e+01
1.141891193389892578e+01
1.195779228210449219e+01
1.311859607696533203e+01
1.310820579528808594e+01
1.114455223083496094e+01
1.140272903442382812e+01
1.202429199218750000e+01
1.325805187225341797e+01
1.320417594909667969e+01
1.333469486236572266e+01
1.369494056701660156e+01
1.402529716491699219e+01
1.292831516265869141e+01
1.600148963928222656e+01
1.796422004699707031e+01
1.850082206726074219e+01
1.666182708740234375e+01
1.833094596862792969e+01
1.887771034240722656e+01
1.997579383850097656e+01
2.046771240234375000e+01
2.470732307434082031e+01
2.913537025451660156e+01
3.070874214172363281e+01
2.651668739318847656e+01
2.800053215026855469e+01
2.545283126831054688e+01
2.973004913330078125e+01
3.609611892700195312e+01
3.395478057861328125e+01
2.683254623413085938e+01
3.899576187133789062e+01
3.914424514770507812e+01
6.373825454711914062e+01
3.534597396850585938e+01
7.321523284912109375e+01
2.582697105407714844e+01
4.483090591430664062e+01
4.178859329223632812e+01
4.438342285156250000e+01
4.870579528808593750e+01
3.898964691162109375e+01
4.119866180419921875e+01
4.670692062377929688e+01
4.216860580444335938e+01
4.691098785400390625e+01
3.957150268554687500e+01
3.547825241088867188e+01
2.931574249267578125e+01
2.888645362854003906e+01
2.818242645263671875e+01
2.620527458190917969e+01
2.750765037536621094e+01
2.609591674804687500e+01
2.664049148559570312e+01
2.482985877990722656e+01
2.665644454956054688e+01
3.377540588378906250e+01
3.140271759033203125e+01
2.691184043884277344e+01
2.958747673034667969e+01
3.064383506774902344e+01
3.235658645629882812e+01
2.990361404418945312e+01
3.468489456176757812e+01
3.338697814941406250e+01
3.410015106201171875e+01
3.281329345703125000e+01
3.399493026733398438e+01
3.386487579345703125e+01
3.463107681274414062e+01
3.414539718627929688e+01
3.537915802001953125e+01
3.128079032897949219e+01
3.100201988220214844e+01
3.304718399047851562e+01
3.322533416748046875e+01
3.498728561401367188e+01
3.816940689086914062e+01
4.504413604736328125e+01
5.607450485229492188e+01
4.742713928222656250e+01
5.171175384521484375e+01
5.865625762939453125e+01
4.983882904052734375e+01
4.600773239135742188e+01
5.202945327758789062e+01
5.554043579101562500e+01
5.275473403930664062e+01
5.188118362426757812e+01
5.075392532348632812e+01
4.696175384521484375e+01
4.378402709960937500e+01
3.915116882324218750e+01
3.989498138427734375e+01
3.523645019531250000e+01
2.833785057067871094e+01
2.724374771118164062e+01
2.173365211486816406e+01
2.038639640808105469e+01
1.579010581970214844e+01
1.381505107879638672e+01
1.396400547027587891e+01
1.294060420989990234e+01
1.210207557678222656e+01
1.260153579711914062e+01
1.154743194580078125e+01
1.127997875213623047e+01
1.165029335021972656e+01
1.316645336151123047e+01
1.532565689086914062e+01
1.498999309539794922e+01
1.676069259643554688e+01
1.858336257934570312e+01
1.907031059265136719e+01
2.232485580444335938e+01
2.468399429321289062e+01
2.446680259704589844e+01
2.510004997253417969e+01
2.792417907714843750e+01
3.264312362670898438e+01
3.461357498168945312e+01
3.005448913574218750e+01
3.420643997192382812e+01
3.353062057495117188e+01
3.332831954956054688e+01
2.860354042053222656e+01
2.826479148864746094e+01
2.881833457946777344e+01
2.460982513427734375e+01
2.739296722412109375e+01
2.763464736938476562e+01
2.537629318237304688e+01
2.314942169189453125e+01
2.393700981140136719e+01
2.331288719177246094e+01
2.337954139709472656e+01
2.577250862121582031e+01
2.401246833801269531e+01
2.315260505676269531e+01
2.543779563903808594e+01
2.509572982788085938e+01
2.336606597900390625e+01
2.389909553527832031e+01
2.708788681030273438e+01
2.195780754089355469e+01
2.335306930541992188e+01
2.077848052978515625e+01
2.326618003845214844e+01
1.973933219909667969e+01
2.394784927368164062e+01
2.106469154357910156e+01
1.673542213439941406e+01
2.127683448791503906e+01
1.945403861999511719e+01
2.048150825500488281e+01
1.784663391113281250e+01
1.758787345886230469e+01
1.693935585021972656e+01
1.732390594482421875e+01
2.005497550964355469e+01
1.734581375122070312e+01
1.787039184570312500e+01
1.595798397064208984e+01
1.974761962890625000e+01
2.104137802124023438e+01
1.932895088195800781e+01
1.897798156738281250e+01
1.724424934387207031e+01
1.827155876159667969e+01
1.845897483825683594e+01
1.840530586242675781e+01
2.069501113891601562e+01
1.542281150817871094e+01
1.344051361083984375e+01
1.429365825653076172e+01
1.167294788360595703e+01
1.343891716003417969e+01
1.374277687072753906e+01
1.365051937103271484e+01
1.272072410583496094e+01
1.287152099609375000e+01
1.221658229827880859e+01
1.419087600708007812e+01
1.821454238891601562e+01
1.658082199096679688e+01
2.095027351379394531e+01
2.445499992370605469e+01
2.149666976928710938e+01
1.854007911682128906e+01
1.788086891174316406e+01
1.553125953674316406e+01
1.459404087066650391e+01
1.529167938232421875e+01
1.311100578308105469e+01
1.566328048706054688e+01
1.175539016723632812e+01
1.436289882659912109e+01
1.288546466827392578e+01
1.369874668121337891e+01
1.270322132110595703e+01
1.199430370330810547e+01
1.250297069549560547e+01
1.180375194549560547e+01
1.049087047576904297e+01
9.442561149597167969e+00
